隐层输出 tensor([[0.1327, 0.3857, 0.5806, 0.3701, 0.0798, 0.4246, 0.7665, 0.8512, 0.9774,
         0.5202, 0.9587, 0.0451, 0.1507, 0.3159, 0.8742],
        [0.2522, 0.7534, 0.1794, 0.9667, 0.8533, 0.9489, 0.4262, 0.8255, 0.7424,
         0.2597, 0.8395, 0.3331, 0.7838, 0.5639, 0.4093],
        [0.3848, 0.5792, 0.8664, 0.7697, 0.7004, 0.4807, 0.3160, 0.6302, 0.7463,
         0.1577, 0.2929, 0.5140, 0.2977, 0.8887, 0.1697],
        [0.8355, 0.2262, 0.0680, 0.9358, 0.6141, 0.9145, 0.1482, 0.5879, 0.5856,
         0.5559, 0.8575, 0.7985, 0.3899, 0.2236, 0.2483],
        [0.2160, 0.5027, 0.7706, 0.8741, 0.9048, 0.9685, 0.7525, 0.7504, 0.3949,
         0.1554, 0.7720, 0.3946, 0.4278, 0.7880, 0.7805],
        [0.3369, 0.6409, 0.8547, 0.8785, 0.9228, 0.9660, 0.1822, 0.7219, 0.1415,
         0.6933, 0.8785, 0.8120, 0.4731, 0.6039, 0.9162],
        [0.0667, 0.5454, 0.9162, 0.6058, 0.8951, 0.1529, 0.7272, 0.6975, 0.9657,
         0.7557, 0.4642, 0.8908, 0.6859, 0.1154, 0.0572],
        [0.1313, 0.5842, 0.6141, 0.9811, 0.9094, 0.9374, 0.2198, 0.1270, 0.9454,
         0.9322, 0.9345, 0.1161, 0.7819, 0.6290, 0.7028],
        [0.0937, 0.2682, 0.8980, 0.1321, 0.8665, 0.9515, 0.6430, 0.7373, 0.5586,
         0.7487, 0.1300, 0.7659, 0.2228, 0.4773, 0.9585],
        [0.5413, 0.8330, 0.3636, 0.1084, 0.8031, 0.0619, 0.1374, 0.3363, 0.8833,
         0.4220, 0.2562, 0.8173, 0.0962, 0.0929, 0.9219]],
       grad_fn=<SigmoidBackward>)
tensor([ 2.4816e-02,  1.4900e-02,  9.9789e-01,  9.9983e-01,  2.5512e-02,
         2.9103e-02,  1.1286e-02, -2.4793e-02,  4.8996e-03, -1.9547e-02,
         9.4914e-01, -1.7074e-03, -1.7943e-02,  6.4620e-03, -5.3840e-03,
         1.0249e-02,  5.2192e-03,  9.8459e-01,  1.5825e-02, -5.4918e-02,
        -1.2883e-02,  7.2379e-03, -4.8316e-04,  9.8791e-01,  3.7693e-02,
         1.0015e+00,  3.4818e-02, -3.5259e-04,  2.5764e-02, -1.6273e-02,
         9.6809e-01,  7.0246e-03,  1.0083e+00,  1.5419e-02,  4.5540e-03,
         2.5111e-02,  9.6611e-01,  9.7784e-01,  9.6697e-01,  9.8656e-01,
         9.9818e-01,  1.7930e-02,  1.2650e-02,  9.7103e-01, -9.4086e-03,
         2.0196e-02,  1.9076e-02,  1.0203e+00,  7.2585e-03,  9.9666e-01,
         1.0322e+00,  1.0025e+00,  1.6832e-02,  1.0145e+00,  1.0365e+00,
         9.7302e-01,  1.0768e-02, -6.3232e-03,  7.4532e-03, -1.2593e-02,
         1.4890e-02, -2.3577e-03, -1.0062e-02], grad_fn=<SelectBackward>)
tensor([ 1.0333,  1.0055,  0.9708,  0.9223,  0.9157,  0.1411,  0.0692, -0.0280,
         1.0251, -0.0406, -0.0759,  0.0230,  0.9210, -0.0060,  0.0350,  1.0557,
        -0.0310,  0.0206,  0.0537,  0.8914, -0.0457,  0.0795,  1.0511,  0.9540,
         0.8327,  0.8087,  0.1528,  0.0389, -0.0032,  1.0162, -0.0145,  0.0807,
         0.1065,  0.8943, -0.0132,  0.0471,  1.0103, -0.0107, -0.0418,  0.0771,
         0.9512, -0.0531,  0.0241,  1.0721,  0.0204, -0.0988,  0.1414,  1.0325,
        -0.0616,  0.9906,  0.9449,  1.0057,  0.9789,  0.9701,  0.2314,  0.0361,
        -0.0279,  0.0286, -0.0233, -0.0249, -0.0359, -0.0328,  0.0305],
       grad_fn=<SelectBackward>)
tensor([ 0.0442,  0.0436,  0.9908,  1.0379,  0.9994,  1.0245, -0.0150, -0.0109,
         0.9630,  0.9139, -0.0468, -0.0218,  0.9644, -0.0111,  0.0302,  1.0021,
         0.0240,  0.0243,  0.0185, -0.0407,  0.0244,  0.0285,  0.9287,  0.0860,
         0.0501,  0.0159, -0.0142,  0.0198,  0.0271,  1.0031, -0.0414,  0.0146,
         0.0467,  0.0649,  0.0589,  0.0829,  0.9417, -0.0213, -0.0699,  0.0112,
         0.0170,  0.0320,  0.0379,  0.9626, -0.0274, -0.0166, -0.0116,  1.0165,
         0.0405,  0.0554,  0.0363,  0.9743,  1.0442,  0.9538,  0.0209, -0.0629,
         0.0254, -0.0084, -0.0127,  0.0540, -0.0045,  0.0299, -0.0270],
       grad_fn=<SelectBackward>)
tensor([ 0.9781,  0.9671,  1.0001,  1.0445,  0.0284, -0.0435, -0.0396,  0.0581,
         0.9590,  0.0274,  0.0449,  0.9974,  0.0415, -0.0172,  0.0103,  0.9809,
         0.0328,  0.0079, -0.0269,  1.0671,  0.0432, -0.0252,  0.9606,  0.0667,
         0.0457,  0.0872,  0.8773, -0.0104, -0.0037,  1.0101,  0.0213, -0.0235,
         0.0129,  1.0489,  0.0486,  0.0133,  0.9917,  0.0181, -0.0046, -0.0092,
         0.9971,  0.0138, -0.0015,  0.9937, -0.0117,  0.0113,  0.9212, -0.0134,
         0.0454,  1.0288,  0.9900,  0.9763,  1.0002, -0.0274, -0.1224, -0.0110,
         0.0180, -0.0230,  0.0082,  0.0499, -0.0034,  0.0378, -0.0286],
       grad_fn=<SelectBackward>)
tensor([ 8.9823e-01,  9.3889e-01,  1.0194e+00,  1.0069e+00,  1.0108e+00,
         8.1697e-01, -5.1273e-02,  7.0594e-02,  9.9144e-01,  1.4309e-01,
         1.8543e-01,  1.9376e-02,  1.1220e+00,  2.4053e-02, -3.8685e-02,
         9.3465e-01,  3.7522e-03,  9.7531e-01, -7.0621e-02,  2.1227e-01,
         3.1913e-02, -8.9994e-02,  1.0031e+00,  9.7339e-01,  1.0335e+00,
         1.3231e-01, -1.3487e-01, -3.8482e-02, -5.8428e-02,  1.0053e+00,
         8.6853e-02,  9.0951e-01, -1.4301e-01,  1.5366e-02, -4.0331e-02,
        -1.3830e-01,  1.0853e+00,  6.2330e-02,  1.4040e-01, -6.2458e-02,
         2.4569e-02, -4.1104e-03, -7.3313e-02,  1.0029e+00,  2.2320e-02,
         6.9369e-02, -1.4275e-01,  9.1784e-01,  1.3332e-02,  9.6858e-01,
         9.5263e-01,  1.0139e+00,  9.4223e-01,  1.0313e+00,  7.4696e-01,
         7.4734e-02, -1.0831e-02, -7.7410e-03,  2.3186e-02,  1.9456e-04,
         8.6215e-03, -1.0370e-04,  3.9019e-03], grad_fn=<SelectBackward>)
tensor([ 1.0428e+00,  1.0694e+00,  9.9628e-01,  9.4911e-01,  1.0488e+00,
         1.0573e+00,  6.2426e-02,  8.6577e-01,  1.0514e+00,  9.4428e-01,
         8.6102e-01,  9.8428e-01,  9.2646e-01,  2.8085e-02, -4.0672e-02,
         1.0116e+00, -2.3219e-02,  9.4778e-01,  3.9855e-02,  8.4870e-01,
        -5.8345e-02,  1.2749e-02,  1.0278e+00,  8.8547e-01,  1.0562e+00,
        -4.3790e-02,  1.8742e-01, -8.5666e-04,  3.6603e-02,  9.4268e-01,
        -7.9999e-02,  1.0073e+00, -2.9692e-02,  5.1934e-03, -8.4222e-02,
        -4.9492e-03,  9.6164e-01, -6.1829e-02, -1.5701e-02, -3.7499e-02,
         3.5353e-02,  3.7117e-02,  1.2470e-02,  9.3178e-01, -2.6615e-03,
         6.2237e-02,  1.1363e-01,  4.4293e-02, -4.0530e-02,  9.5711e-01,
         1.1005e+00,  1.0539e+00,  1.0391e+00,  1.0312e-01,  1.8172e-01,
        -3.3695e-02, -3.7685e-03,  3.2914e-02,  2.4011e-02, -8.2816e-02,
         3.6335e-02, -3.7204e-02,  2.5173e-02], grad_fn=<SelectBackward>)
tensor([-0.0137, -0.0164,  1.0079,  0.9845,  1.0135,  0.9670,  0.0084, -0.0139,
         1.0147,  1.0316,  1.0023,  0.9979,  1.0043,  0.0107,  0.9672,  0.9978,
        -0.0115, -0.0258, -0.0072,  0.0113, -0.0181,  0.9708,  0.0396, -0.0565,
         0.0013,  0.0184,  0.0296, -0.0175,  0.9927, -0.0084,  0.0142, -0.0287,
         0.9565,  0.9829,  0.9513,  0.9463,  0.0322,  0.0049,  0.0349, -0.0252,
         1.0074,  0.0030, -0.0212,  1.0011,  0.0072,  0.0298,  0.0134,  0.9952,
        -0.0172, -0.0220,  0.0158,  1.0266,  0.9840,  1.0412, -0.0162,  0.0253,
        -0.0044,  0.0072,  0.0198, -0.0378,  0.0182, -0.0128,  0.0132],
       grad_fn=<SelectBackward>)
tensor([ 9.9775e-01,  1.0017e+00,  1.0089e+00,  4.3510e-02,  1.0041e+00,
         9.6577e-01,  9.5832e-01,  1.0338e+00,  9.9102e-01,  9.9519e-01,
         4.4140e-02,  9.9168e-01,  1.0259e+00, -1.2016e-02,  5.8287e-03,
         9.8934e-01,  7.6021e-03,  2.8253e-02, -2.7828e-02,  1.0440e+00,
         2.7594e-02, -1.3589e-02,  9.7726e-01,  1.0596e+00,  1.0334e+00,
         1.0301e+00,  9.1161e-01, -5.5417e-03, -1.3606e-03,  1.0112e+00,
         1.4981e-02, -2.3884e-03,  9.8258e-01,  1.0194e+00,  3.4851e-02,
         1.0243e-03,  9.9351e-01,  8.3399e-03, -4.3116e-03, -1.9272e-03,
         1.0020e+00,  4.8579e-04, -3.3262e-03,  9.9897e-01, -6.7282e-03,
        -5.5981e-03, -5.6062e-02,  9.8292e-01,  2.2971e-02,  1.0115e+00,
         9.9311e-01,  9.6857e-01,  9.0591e-03,  9.6528e-01,  9.1188e-01,
         9.7653e-01,  6.9759e-03, -1.4782e-02, -1.5389e-02,  2.8473e-02,
        -1.9621e-03,  1.4784e-02, -1.1992e-02], grad_fn=<SelectBackward>)
tensor([ 0.0158,  0.9752,  0.9981,  1.0341,  0.9606,  1.0720, -0.0049,  0.0599,
         0.9737,  0.9787,  0.9954,  1.0046,  0.9900, -0.0380,  0.0485,  0.0298,
         0.0110,  1.0461,  0.0141, -0.0116,  0.0180,  0.0454, -0.0104,  0.0835,
         0.9214, -0.0442, -0.0548,  0.0233,  0.0043,  0.0376,  0.0181,  1.0478,
         0.1183, -0.0225,  0.0774,  0.0807, -0.0137,  0.0157,  0.9472,  0.0757,
        -0.0402, -0.0371,  0.0316,  0.0604, -0.0068,  0.9193,  0.0090,  0.0226,
         0.0150,  0.0424,  0.9480,  0.9636,  1.0016,  0.9218,  1.0314, -0.0042,
         0.0058, -0.0225, -0.0302,  0.0523, -0.0343,  0.0258, -0.0172],
       grad_fn=<SelectBackward>)
tensor([-2.1140e-02, -4.2660e-03,  1.0084e+00,  9.8200e-01,  9.9198e-01,
         9.7191e-01, -2.4346e-03,  4.3523e-03,  1.4204e-02,  1.0262e+00,
         1.0437e+00,  1.0070e+00,  2.4753e-02,  1.1754e-02, -5.5403e-03,
        -1.2527e-02, -1.0767e-02, -5.6666e-03,  9.8837e-01,  4.0244e-02,
         4.8565e-04, -1.3989e-02,  1.0114e-02, -1.9880e-02, -7.9006e-03,
         1.0039e+00, -7.0277e-03, -6.7798e-03, -1.8655e-02,  4.7023e-03,
         1.2304e-02, -1.5161e-02,  9.5406e-01, -1.1751e-02, -2.1933e-02,
         9.5930e-01,  2.7812e-02,  8.4377e-03,  3.5319e-02,  9.8874e-01,
         5.8249e-03, -7.0068e-03,  9.8509e-01,  5.4678e-03,  1.2491e-02,
         1.7160e-03,  9.7879e-01, -1.9473e-02, -1.4260e-02, -1.8178e-02,
         9.8096e-01,  1.0060e+00,  9.8230e-01,  1.2195e-02, -3.7858e-02,
         2.4478e-02, -1.6572e-02,  9.1159e-03, -3.5298e-03, -1.1661e-02,
        -2.0410e-03, -1.5410e-02,  1.4136e-02], grad_fn=<SelectBackward>)
